12522.5805416, 10621.4927227, 0
11824.0779114, 7659.03703654, 0
12134.1569356, 5528.95900728, 0
6642.88428022, 12177.7010999, 0
2663.2244767, 5746.73315217, 0
11956.2105675, 10582.1623228, 0
2955.5002828, 1783.61607723, 0
10719.7958893, 8351.48784379, 0
8597.59683381, 7924.1326054, 0
1857.58112662, 8876.99379268, 0
9951.97410982, 3781.95790513, 0
2643.69707325, 1333.79902974, 0
2796.06112194, 4361.47096801, 0
10533.1049872, 2266.26203355, 0
8840.29784116, 3371.89876274, 0
5879.50985526, 6895.81380165, 0
4894.44809639, 9019.9467962, 0
4683.71332862, 863.238291433, 0
10838.9508841, 12726.8537079, 0
11847.3007365, 9914.66246816, 0
3569.97835414, 3043.97854187, 0
4907.35905805, 6762.16369546, 0
10853.9769435, 10003.3501228, 0
12769.3688964, 5098.02559614, 0
8649.6514731, 9227.92725348, 0
10914.9605373, 7194.24587744, 0
3997.62841591, 11202.0660385, 0
2693.53395095, 1368.69853846, 0
3544.55758788, 10793.4071679, 0
12645.907597, 11145.4305708, 0
8950.42894397, 847.602406268, 0
6848.09874268, 7222.73982008, 0
3978.30401123, 2116.80753132, 0
7734.59614388, 8261.46816197, 0
12352.9939912, 7769.52889154, 0
6738.39592382, 4725.49516404, 0
6751.92991718, 8595.11636284, 0
10531.3601082, 11527.5523976, 0
12679.2244028, 1269.5778873, 0
7927.80919106, 10567.599938, 0
7851.2984512, 6159.34424166, 0
11822.3477881, 7761.90040233, 0
10767.6512021, 1762.51007372, 0
9696.47043056, 3781.96316313, 0
2979.76985051, 8563.12980801, 0
9670.4391732, 11769.4184305, 0
6785.89747654, 1644.74934132, 0
7575.28794648, 6743.92662823, 0
10627.1003816, 7011.09096949, 0
6969.15701077, 6167.14193363, 0
6984.48317508, 7624.22919464, 0
6559.47126806, 8916.42112567, 0
2543.30638602, 4981.44912573, 0
653.550498613, 2184.35495354, 0
7897.75930445, 2707.02028953, 0
5543.84534038, 10603.4380572, 0
7608.58691805, 2457.12257865, 0
10646.7785358, 154.827490153, 0
1570.49872605, 11194.6369922, 0
3914.70456253, 9459.74968035, 0
7813.65755764, 7662.37433842, 0
2987.69244884, 10182.4861039, 0
9638.8542619, 12114.0121096, 0
9691.75585197, 5161.97032867, 0
10846.2995013, 2075.05788537, 0
2740.1020969, 735.093326184, 0
8752.92617781, 2693.32355724, 0
5836.09566406, 6490.66962109, 0
9524.1001967, 11197.1864093, 0
10777.3832366, 5991.80120027, 0
5547.02992433, 5370.00820757, 0
1980.28332198, 1766.01933448, 0
4523.45658962, 10635.6507112, 0
10623.1792093, 1779.92639954, 0
8824.22670666, 6433.95147472, 0
4527.31869246, 10138.2922136, 0
3558.78322571, 1029.67856032, 0
10724.4212284, 10925.0181956, 0
607.268990277, 598.095588329, 0
1658.36128324, 10873.257778, 0
5743.87915517, 8606.66461222, 0
539.978802868, 12783.7427147, 0
10816.6011607, 903.684758985, 0
4770.17225719, 12350.5478028, 0
1876.50904072, 11997.2153874, 0
10608.0890052, 9681.12266318, 0
12197.8523282, 1835.40033462, 0
4636.86060591, 5860.79440743, 0
7687.37548835, 10678.2434481, 0
906.067034487, 8600.9134353, 0
7678.5752912, 1719.80930794, 0
11543.7652555, 8860.09861957, 0
2877.77187385, 6251.00349584, 0
4823.80182947, 4492.93527546, 0
816.474120989, 11895.9025507, 0
10950.4661188, 11235.6825952, 0
10924.510699, 8054.09383341, 0
10836.4701081, 6922.38021635, 0
11736.2708105, 4150.192039, 0
720.893924608, 48.2179523576, 0
4797.72312634, 10406.4939385, 0
10670.5951784, 9661.29028832, 0
12534.5489528, 3584.13624246, 0
1561.1185017, 12130.239249, 0
8649.86088069, 11772.5668102, 0
1635.7664338, 11338.4291502, 0
2713.30854633, 668.467043554, 0
4812.30384075, 8842.17326805, 0
1779.8165043, 9761.18886987, 0
5900.42573714, 1195.98047933, 0
7980.51398621, 11422.8393196, 0
7755.48132858, 6612.34838961, 0
11546.7445425, 11384.1618638, 0
5572.01437083, 9590.77701977, 0
5699.1687526, 6270.12958436, 0
3738.96604965, 1773.46877724, 0
8820.45119709, 5962.89479027, 0
5820.89498318, 1434.0141903, 0
928.763283502, 4557.79785345, 0
10902.3090983, 4433.53162654, 0
6974.1609571, 10865.8674342, 0
3773.52530874, 1987.65673615, 0
12278.5487249, 11333.9283075, 0
12533.7953096, 6667.29581357, 0
4593.32956517, 8566.96980125, 0
888.908521769, 4687.68072987, 0
10895.0433336, 10530.7992084, 0
6543.78567581, 7726.82483211, 0
12502.1215828, 7956.27832499, 0
3561.17747443, 2180.05887334, 0
4920.84992846, 1320.1830452, 0
6885.16154756, 4831.83706007, 0
12583.5909033, 1500.75992015, 0
990.379210109, 3385.87099338, 0
7670.08345924, 7462.99884753, 0
2892.54717511, 1283.2684757, 0
9538.04461713, 11491.4205358, 0
6587.75462545, 8550.8983867, 0
12447.2747627, 8536.11974543, 0
8996.80008984, 8874.90588199, 0
12652.271031, 9345.49608964, 0
10782.9915212, 9133.67535822, 0
7829.59360006, 4101.21842255, 0
6817.43521066, 574.953650648, 0
4932.6288109, 248.026674442, 0
10754.5186177, 11532.9302688, 0
1752.82085815, 7863.52595247, 0
6991.75635712, 3781.2952155, 0
4526.74014761, 9414.41159513, 0
12423.4081072, 1322.53186107, 0
2832.12474053, 7810.06756452, 0
11969.8546842, 9302.73675891, 0
9881.37865515, 11838.1915565, 0
8502.71216163, 569.975957002, 0
10735.3030166, 8000.88285476, 0
11980.1865074, 3722.01765067, 0
5863.20867741, 9440.65856468, 0
4853.45222254, 9771.46699373, 0
10656.7434728, 7745.01877968, 0
728.294438203, 1886.64504752, 0
4614.00405859, 10212.4840429, 0
6835.32038238, 2028.6691932, 0
10631.5404839, 2922.13742046, 0
8754.18626154, 7807.36509811, 0
9736.937858, 6738.42210834, 0
6905.53216195, 10409.7417813, 0
11985.2750754, 3838.18064492, 0
11992.3739614, 9216.18000808, 0
4503.40168961, 134.199749892, 0
5876.73632733, 11087.1412156, 0
10708.9466625, 8367.60802185, 0
4578.72527434, 8991.05128661, 0
6629.07549562, 11815.6328797, 0
3814.92603438, 2572.1434123, 0
5678.72711658, 4207.84594334, 0
6512.12967323, 11310.3449864, 0
757.771485272, 2709.38160202, 0
10690.2864642, 11010.0812435, 0
12775.0924297, 7787.25379984, 0
5798.78241748, 9235.7725863, 0
10655.6278016, 1637.70056476, 0
3759.66373926, 12252.9007339, 0
979.04270435, 4323.19316591, 0
687.671778312, 7356.02288118, 0
11754.2101304, 10403.6636236, 0
3983.47146476, 12587.8065047, 0
11913.1530143, 1632.36020336, 0
6621.4442723, 7834.68229537, 0
5583.09520266, 10367.3697876, 0
7513.35927859, 8992.57070136, 0
12116.0395562, 10952.6372455, 0
12232.7139504, 12697.8682417, 0
3714.7748796, 4445.99717721, 0
11868.317464, 12151.3947302, 0
853.565015496, 7654.05417065, 0
10904.5964024, 11709.8567728, 0
10594.5811137, 9423.86213266, 0
11586.0288066, 8948.4566817, 0
10781.6308799, 4058.89427799, 0
10547.4896889, 1812.74485957, 0
3560.47264762, 7022.91823805, 0
4765.15171355, 8266.74997371, 0
12259.3345618, 7620.290086, 0
12003.3930141, 2499.82079405, 0
8961.44506735, 2493.77131213, 0
9621.90667301, 1726.42110736, 0
12431.2565443, 2623.95312214, 0
12108.996782, 1415.36838261, 0
1543.62584185, 11946.7586304, 0
9545.01465825, 10326.1198015, 0
12477.3132319, 4620.59653336, 0
8892.81323528, 10425.6421823, 0
4859.37499514, 1483.22127823, 0
557.956203587, 12667.6216622, 0
906.56713604, 3943.33115281, 0
655.070020747, 8131.27700344, 0
6936.97803349, 7599.45660473, 0
12684.8297309, 448.832500986, 0
12538.3277267, 12758.4183017, 0
3522.90378471, 709.502038268, 0
5524.41060005, 2751.92791283, 0
10637.6019214, 4005.69398939, 0
3821.90514956, 11875.5549079, 0
1852.58487451, 6724.40244226, 0
5802.05422617, 4311.33338546, 0
11876.7996095, 5819.28459955, 0
8994.35660208, 7514.16625743, 0
7880.51851548, 8335.56900905, 0
11929.8216843, 8457.84914731, 0
10913.7232216, 5205.14947559, 0
12527.5541726, 8638.37509802, 0
12427.9925143, 10510.9935566, 0
10811.6019307, 3768.91534735, 0
2782.07191651, 6981.36689644, 0
4925.41590073, 2897.81467738, 0
6858.38152411, 3232.48432294, 0
4746.20187056, 12053.7947439, 0
4764.53340205, 10426.479311, 0
5892.31669065, 7769.18163107, 0
12537.6392033, 11244.4211019, 0
5977.00823162, 3443.06031126, 0
11824.3390253, 11727.3741696, 0
10961.1788442, 8985.2999839, 0
9628.70273464, 7752.23456159, 0
10510.725709, 6547.7674685, 0
12710.1580604, 8779.33412077, 0
2612.18072105, 240.978589643, 0
4746.45212097, 12797.8782304, 0
2631.99859548, 6150.12192944, 0
7907.21923104, 6604.31153641, 0
9730.39643015, 4982.5048697, 0
6995.46276934, 7153.47515057, 0
7683.43984659, 3611.78017595, 0
801.290187262, 626.111228622, 0
4786.38129357, 11357.7980124, 0
10967.3643689, 1341.66415588, 0
8753.51748465, 12228.3884281, 0
4554.03586524, 3499.44899613, 0
9780.07192501, 8326.94284289, 0
5730.56101794, 6829.33758855, 0
12187.2794069, 5553.84793824, 0
4940.80638179, 3054.54283296, 0
12014.6697943, 9869.98558136, 0
12560.8919021, 860.111594577, 0
8580.78844703, 8943.03054502, 0
9927.08192176, 7299.08847344, 0
7655.71315906, 12600.683007, 0
11525.0386212, 11052.7538017, 0
11724.7421896, 10392.0285573, 0
785.57222781, 6017.15676164, 0
10786.4647996, 12467.2033606, 0
1772.30390591, 6342.51215407, 0
7885.50270725, 370.07956099, 0
12065.8633703, 2200.3999668, 0
10993.6254867, 3439.02849886, 0
5920.07440626, 2584.68208402, 0
869.778934589, 3602.01370642, 0
7906.50664896, 2903.27400791, 0
7738.04074513, 4153.78685384, 0
11654.632097, 12370.0249637, 0
8889.36325408, 8490.50607193, 0
2693.87652086, 618.931235011, 0
1768.76957584, 9.22180209205, 0
4680.95881366, 4286.90263646, 0
9799.66698651, 11552.3311877, 0
12131.5085318, 7872.24029126, 0
8556.60633666, 4236.66965451, 0
793.925610686, 10979.4730836, 0
9901.05976751, 10964.8110795, 0
12736.5693417, 7007.94457353, 0
5819.74919686, 3570.44315386, 0
10844.5414948, 1313.47641814, 0
3603.35840047, 10954.608075, 0
1700.17337585, 10901.9592858, 0
11922.1586558, 6793.18749231, 0
9752.38241045, 4976.29095396, 0
11819.8487639, 2619.66671116, 0
6521.6147776, 2147.98761486, 0
10575.2968207, 4930.86863211, 0
2513.21260711, 5594.15742468, 0
6974.47441625, 8789.72958206, 0
5517.89890343, 9723.60190406, 0
3832.88336152, 10235.5599291, 0
6778.39039217, 5518.97552848, 0
12383.1299478, 972.337435475, 0
9729.43797931, 8720.05851625, 0
8699.06861812, 11379.4415056, 0
10649.547918, 8525.75054582, 0
12130.34898, 170.24896143, 0
1998.46388955, 5489.41905792, 0
8983.26710271, 4005.58381779, 0
10718.3236372, 2030.76702525, 0
10676.36298, 9119.2059808, 0
11516.9246016, 9118.83195014, 0
8788.86601884, 337.390298887, 0
5758.90604363, 2508.2988986, 0
8554.03167867, 5071.43421857, 0
9757.32453105, 10929.2563057, 0
10845.7669339, 6785.60524118, 0
6984.83011788, 6858.50015209, 0
5853.37318214, 11033.1534976, 0
11943.0183888, 10321.7170542, 0
12454.8793239, 4570.53446178, 0
11977.6660118, 6612.5903383, 0
2709.7594843, 10710.4627411, 0
12247.2983089, 9687.723594, 0
4766.42568823, 5261.73096122, 0
7928.97361241, 6917.1519939, 0
3576.40353161, 3317.11123616, 0
1920.11683205, 562.771521594, 0
7573.72157074, 8647.65406781, 0
4749.47087694, 989.063624744, 0
3507.47913237, 2597.45486894, 0
2868.94062228, 7735.07165719, 0
891.162365876, 4864.25552083, 0
11753.5342771, 548.865809233, 0
8595.10291763, 2340.20003035, 0
2919.25481799, 2395.20635511, 0
12622.0071816, 3007.61008769, 0
6519.70754294, 8834.68391802, 0
654.315053563, 8868.54651598, 0
11854.1079865, 1856.51299183, 0
9913.43354448, 3384.22528159, 0
673.546463661, 7283.125177, 0
894.135437423, 11213.215342, 0
1706.20481348, 10310.8468465, 0
7715.9088987, 11429.7887984, 0
10905.0645291, 720.396725843, 0
1638.5618883, 680.147216072, 0
12340.1005805, 9457.58424517, 0
3610.06832572, 11524.4084266, 0
2517.66144295, 5176.56319709, 0
4583.70738435, 8347.21164847, 0
9997.72109283, 8929.50124327, 0
12212.1535525, 6214.17329876, 0
5954.22768031, 9666.00782351, 0
4959.0233328, 4449.9117963, 0
1633.74314392, 11198.5029041, 0
5641.5954949, 1372.6044591, 0
2794.63604647, 12055.2502654, 0
7830.88012233, 11100.0175914, 0
1691.54323042, 5387.39359937, 0
12537.3006595, 12145.6342929, 0
10823.6624429, 9905.79249393, 0
729.200522148, 1693.83970168, 0
2748.28556029, 6192.16697673, 0
12093.5651271, 5262.67008986, 0
11546.7197414, 2033.02485945, 0
11783.6684173, 1491.22916711, 0
9526.20312437, 10193.8466049, 0
11541.4362576, 8589.04717282, 0
5670.88377789, 4631.51285585, 0
4828.23556431, 3935.38716206, 0
10514.1696315, 11522.5304861, 0
9660.55795355, 9412.25324347, 0
3632.71438927, 8613.63739198, 0
8779.16399789, 7755.96489791, 0
12065.7224413, 616.175974597, 0
683.542846645, 5858.62030973, 0
4632.99833191, 12307.2835038, 0
9757.14119239, 1494.46738629, 0
9686.94088978, 3281.5513798, 0
12219.5556397, 11776.6940808, 0
11991.770706, 3911.37326149, 0
2763.66325186, 12159.5471816, 0
6957.30391986, 12608.813466, 0
12380.6383619, 10174.286546, 0
4931.96935195, 11480.4508727, 0
8560.0406574, 7899.32168014, 0
9920.61131265, 5198.99933942, 0
11503.1800562, 4800.26779599, 0
10586.4571328, 1155.36316016, 0
4536.99600127, 5158.08979492, 0
12099.4425312, 2663.61639585, 0
6714.99539464, 1671.16336387, 0
6858.13113813, 4966.83188566, 0
12056.090135, 9201.22383579, 0
10925.28333, 7235.2778989, 0
4712.29878096, 6022.48065355, 0
12523.9429695, 92.0481734518, 0
5718.75657737, 3132.77812521, 0
3645.09665374, 11655.2754823, 0
6530.01174102, 4240.10180691, 0
5830.01503884, 7186.60033323, 0
11761.2912387, 8237.85294326, 0
567.179510656, 4393.94978508, 0
3562.48504985, 896.664973767, 0
1522.05915551, 269.97456154, 0
4611.28153015, 9814.23877661, 0
8921.96924567, 9482.88692779, 0
11529.9819543, 7480.99620273, 0
2664.01101962, 9483.74071613, 0
733.508829657, 423.72491033, 0
12337.2910873, 3022.15734904, 0
2614.62936984, 2131.6947827, 0
7584.07003807, 2357.55923184, 0
12595.579094, 3479.17550416, 0
3780.49032669, 8910.16753473, 0
5839.58933277, 11832.412022, 0
802.872442433, 6180.93329297, 0
7882.09954137, 2296.68537626, 0
2894.59295069, 4243.14083069, 0
10539.5643053, 8238.82601991, 0
6795.79002945, 708.917804561, 0
1703.52026843, 12199.974703, 0
4581.8666915, 10981.7181214, 0
8924.77004234, 9996.03458577, 0
624.900392289, 9078.27350672, 0
11813.1775836, 7065.4454015, 0
4930.81870457, 10439.0400186, 0
2938.83933995, 6384.29551382, 0
11786.6315031, 2181.67797167, 0
8790.06003664, 468.418760438, 0
12583.3129905, 223.438374486, 0
8952.02506406, 8028.31567258, 0
1694.81476361, 8163.13131254, 0
1814.5443753, 7368.86484453, 0
5726.31708997, 11931.4550723, 0
12464.2035036, 5484.47155483, 0
4773.10864919, 10105.8301745, 0
5703.88767052, 3627.79663892, 0
6964.32452827, 4689.01062753, 0
1712.16279434, 3914.03107985, 0
8651.82024854, 12185.9267704, 0
12031.6946323, 2562.88801003, 0
5521.30002836, 576.908816659, 0
4722.30110031, 8244.57191001, 0
12473.8387975, 5135.21397609, 0
4517.74823215, 11804.4350262, 0
4996.86122301, 1547.27209506, 0
8962.84502052, 6068.17857195, 0
7643.18676278, 7818.96126378, 0
1807.27985276, 5906.44120416, 0
11547.0814517, 3011.48911932, 0
11777.0456875, 7685.69021601, 0
9645.62463409, 3720.2420454, 0
6725.85201456, 136.198211011, 0
8962.11724141, 7685.07792752, 0
11645.5553569, 1550.45554458, 0
10936.1143866, 9303.83191934, 0
11788.4768169, 12723.7712767, 0
12112.2213271, 6246.27128308, 0
3840.54967361, 12302.3859219, 0
10543.7636939, 9010.56395497, 0
792.88904542, 7018.06105731, 0
7521.65086948, 9825.69676911, 0
12167.9266638, 2778.89266615, 0
12294.1410836, 12539.1824287, 0
8804.92250993, 2027.31687456, 0
4936.06580972, 7738.77280374, 0
2806.23377894, 8792.17130998, 0
1898.88293139, 7876.68289744, 0
4959.45806206, 7696.75137345, 0
2554.50643933, 5944.19771546, 0
4561.55729877, 4374.22881111, 0
10561.7440555, 4146.04351395, 0
10731.1443946, 10987.9048775, 0
4840.15729486, 1863.96152894, 0
782.102556122, 10671.1504407, 0
10794.1437223, 8106.42764601, 0
1859.75110212, 9159.613747, 0
12568.7837484, 4381.16770939, 0
6551.5587935, 6807.73549846, 0
12578.522234, 586.042508954, 0
11716.4437611, 12250.2854302, 0
8703.3079682, 10145.3209011, 0
8611.04245284, 8854.66877305, 0
8722.31914558, 4460.55996595, 0
5944.50813913, 5040.17049797, 0
2619.35021704, 10694.7269645, 0
12109.9374131, 12605.9622701, 0
9987.4872384, 8632.2003074, 0
12238.8257778, 6695.12766023, 0
4576.9233222, 206.409902607, 0
3650.17357108, 9213.3721164, 0
4581.51837413, 11622.3765248, 0
12218.3603575, 10175.9070519, 0
7576.36622536, 10731.8299255, 0
766.913368163, 12034.5876097, 0
2709.87426092, 9101.64487694, 0
10602.7050532, 8226.82208534, 0
8662.96193598, 3653.83603879, 0
12304.1281914, 2153.02534564, 0
11738.6033241, 5602.15600337, 0
10617.4777604, 10273.3063243, 0
4910.99274535, 10565.3649893, 0
8978.1535657, 12620.8550104, 0
2992.82958245, 6281.47106728, 0
12226.1146293, 12172.6679942, 0
7958.57169086, 315.179166796, 0
4621.895622, 11248.7061599, 0
6609.55732623, 5467.02539843, 0
6935.25148074, 10201.4456789, 0
12300.361193, 6092.67305306, 0
8622.85080809, 1016.47965863, 0
6834.33873668, 2414.25512324, 0
6646.46464318, 5131.67161505, 0
4818.42739705, 12627.7839087, 0
8590.39650624, 9485.41524712, 0
4917.66397938, 452.551071128, 0
1600.44906483, 2578.14336757, 0
11965.0050312, 3218.5980759, 0
10521.5294274, 9764.14413403, 0
11791.3640115, 9974.18441553, 0
2580.61821055, 5683.71238041, 0
6684.74553444, 12351.9749006, 0
3675.92302751, 234.489402295, 0
12289.1794119, 12194.6060511, 0
12288.757178, 10065.8708785, 0
12349.1214245, 5275.79111178, 0
11561.9886067, 4393.3452498, 0
3927.01666619, 9531.77545051, 0
622.935631923, 5345.65178936, 0
555.24894295, 12646.3441474, 0
12160.4062596, 2320.99701012, 0
7844.35773702, 6680.43420257, 0
7583.01940539, 697.789799261, 0
8718.58909845, 9496.9418732, 0
8601.48286655, 6079.19480499, 0
6512.15472538, 820.095757896, 0
11592.050858, 613.301059802, 0
9930.10697561, 2168.08580119, 0
8707.09591823, 12089.2526001, 0
12562.3333119, 5376.69568676, 0
956.094068123, 2422.69620415, 0
10857.0094477, 3250.30210658, 0
10580.6261756, 12614.8885056, 0
9711.79755329, 1228.22649324, 0
1974.63525152, 2351.8710349, 0
909.552253754, 10117.2006074, 0
11840.3582336, 10571.5472392, 0
3862.24882912, 3298.34321542, 0
9556.09509863, 2431.70168587, 0
11571.6661784, 7994.35111365, 0
5976.13470336, 6254.90636621, 0
8733.95728097, 11252.8113597, 0
12227.8836212, 8638.31261547, 0
8914.26202499, 8575.0858054, 0
10808.3683637, 7501.27036503, 0
5656.41048428, 7718.41782793, 0
9919.07619485, 9078.49196119, 0
4978.5332748, 11651.3609619, 0
3724.22345922, 10673.1409013, 0
8927.23284442, 5249.20370698, 0
8605.96862865, 6556.07262373, 0
7606.58119489, 12154.5630703, 0
11627.4255104, 58.7915147626, 0
10651.7364316, 5800.79057416, 0
12668.0788898, 2205.77082556, 0
985.895786779, 5557.41676642, 0
9878.22443926, 8635.09422555, 0
6956.70846415, 3381.1760377, 0
9603.33065519, 1393.34146049, 0
9895.69752092, 4158.58865996, 0
11629.7999391, 3270.2890977, 0
5972.37963309, 10515.2447382, 0
8578.49972216, 10221.2166101, 0
11721.0851797, 9157.63497264, 0
2796.01650095, 690.462890521, 0
12495.464282, 9097.7452591, 0
5754.35068362, 1507.86424589, 0
702.587997444, 9497.21970789, 0
1958.86190652, 2825.73149161, 0
10922.0297711, 2206.28233204, 0
5628.91988214, 11526.9701314, 0
3951.4255874, 3352.54902991, 0
9844.46646679, 11114.4450759, 0
12581.1877599, 10704.5241167, 0
3939.61936409, 8389.36335995, 0
5569.46735958, 7214.3627856, 0
6746.52504203, 5402.36885607, 0
5894.86377409, 11273.3232933, 0
11826.5333554, 11687.4066072, 0
5822.04263544, 1273.11954565, 0
1658.70282972, 8497.05223355, 0
1792.03558577, 6649.01460021, 0
1963.88149616, 1880.72459578, 0
2744.08120854, 9450.22358576, 0
3653.02241685, 6561.50385255, 0
9644.9164067, 8613.03869421, 0
6502.90647844, 3278.672763, 0
1711.69886902, 12222.6036564, 0
2851.27753403, 948.91011966, 0
5547.2048623, 7046.49792182, 0
9988.12036499, 4062.94341193, 0
5885.36943581, 1825.67100315, 0
11813.7853542, 8465.04008402, 0
7558.03300389, 6123.51888567, 0
12243.5904163, 4274.37005436, 0
9849.51509782, 9280.63648633, 0
6990.53323883, 11473.6628021, 0
9954.403974, 8222.77415056, 0
1955.63572847, 12270.7972756, 0
1736.07713179, 4508.5740023, 0
2531.63964219, 3218.45488466, 0
6530.26686843, 9260.67778018, 0
7883.41151046, 5484.53841873, 0
4604.58455906, 5457.61501391, 0
1940.91877198, 10746.7523741, 0
8806.99084683, 6625.37981185, 0
4671.34205329, 9274.5135599, 0
10592.9068909, 6582.4167232, 0
8670.65340662, 6222.48842142, 0
11753.7289026, 10462.5717798, 0
12477.1061833, 2737.44843329, 0
11572.3130234, 10647.1041134, 0
7606.56966162, 5740.95125896, 0
7548.51534363, 4230.08546004, 0
12550.2894874, 5771.8147276, 0
7833.2429528, 4989.71016673, 0
2512.45120505, 7367.52480017, 0
7877.44835194, 5643.90368208, 0
1776.98863346, 2127.57067628, 0
6536.87406942, 1910.57510152, 0
2967.46608907, 4924.83283218, 0
7648.11234819, 700.196408605, 0
12166.181052, 8655.59973685, 0
5657.90389447, 11981.2990699, 0
2949.33015949, 7211.13881926, 0
7898.10711713, 7387.49229054, 0
6606.40107726, 8108.7881602, 0
7799.89340971, 1806.62269055, 0
5769.69152566, 1513.39235376, 0
6896.03818579, 6206.3257668, 0
12500.0358861, 10027.1207433, 0
5609.02505482, 8601.87778309, 0
3580.43146832, 2935.2187361, 0
8939.29256133, 5078.48659145, 0
5715.39326824, 727.432344722, 0
5852.05259563, 267.28960933, 0
11620.2962157, 11940.0195359, 0
1826.48082993, 7868.55067541, 0
2843.40137355, 10682.4261492, 0
6658.3594721, 4875.32801296, 0
12757.724808, 1823.45392642, 0
10724.2219635, 5558.56839097, 0
2955.50495526, 9331.33108003, 0
818.082045648, 10246.1269007, 0
12754.5752896, 1847.41888157, 0
2827.67315556, 3664.95167859, 0
12177.1707617, 6436.28570614, 0
975.324604015, 11070.8638345, 0
7568.00023841, 8222.04026918, 0
5795.08762846, 10035.7259046, 0
7772.15444072, 10556.7152003, 0
8639.50935588, 344.094432713, 0
8673.24911397, 7218.29828433, 0
10590.9078337, 2852.02611127, 0
1908.58938925, 8743.77781417, 0
11517.7807662, 11284.6954847, 0
4853.55562444, 8681.85769591, 0
12010.3270091, 5702.01892421, 0
6999.26083854, 2395.73219122, 0
11687.8702602, 2415.74870655, 0
843.034902632, 3623.94357858, 0
11682.3782097, 5234.52754251, 0
7820.85148162, 8175.45083623, 0
11896.9188089, 2857.2597179, 0
10826.4995173, 7589.2266203, 0
12653.1767477, 7469.57896118, 0
4864.45079389, 8773.37895771, 0
1640.77533286, 6295.81108146, 0
3650.20423669, 9251.92729147, 0
5560.61208194, 1687.82517829, 0
2530.87185311, 12042.6592541, 0
10953.9889882, 7461.92924541, 0
1537.27128821, 8186.95968325, 0
6673.25677214, 9198.20606357, 0
12184.3478888, 4489.1920478, 0
11856.750997, 6378.61929039, 0
8973.30911584, 3923.80293972, 0
6821.65020319, 12007.0693958, 0
10960.9263068, 1781.12422894, 0
11939.0719956, 9308.96635241, 0
12106.9254058, 10638.9367791, 0
2548.68191081, 5278.05520891, 0
6928.7914066, 11475.1187645, 0
8531.21856988, 2043.63315847, 0
6827.56032544, 11043.0050461, 0
4935.44933129, 2613.67691942, 0
4663.45593289, 1615.64300597, 0
12432.5336141, 10238.543118, 0
5610.45340108, 6415.32603663, 0
5809.23123354, 1363.75126673, 0
8907.24719405, 1397.11824225, 0
5766.09533056, 10691.737977, 0
8573.16369553, 9988.50841537, 0
7529.91718228, 7761.09014771, 0
2970.60751011, 12042.2511843, 0
2855.09500884, 8051.39156964, 0
11505.8460342, 206.088430627, 0
4637.46158756, 2214.34472813, 0
3676.07488736, 5925.90197394, 0
4570.78689532, 11374.8683932, 0
10886.4491292, 9362.46111386, 0
2919.15255213, 11216.9903039, 0
3951.42173709, 12368.9110055, 0
5580.26174754, 3428.26475636, 0
6833.20109788, 10383.2108751, 0
12731.5561681, 1804.88817802, 0
9969.3914512, 9533.4695257, 0
3955.21022912, 6004.65478309, 0
12343.404592, 4398.46565327, 0
5698.64137201, 8720.49595522, 0
12423.3504671, 705.025660653, 0
8916.01734434, 10902.5190737, 0
6790.47341315, 8322.89890615, 0
12311.5767544, 6020.07132545, 0
8877.38257999, 1375.10448135, 0
12634.5093665, 12508.7546404, 0
7600.67095023, 9975.94202361, 0
2848.67210788, 8148.05852336, 0
8552.51558464, 3418.62725856, 0
4951.45185082, 10242.5721292, 0
10738.2582036, 5792.71687294, 0
2702.80359317, 8498.62349173, 0
6665.2886053, 9106.56963533, 0
1731.87108444, 8316.67058992, 0
8887.88996038, 5749.99689868, 0
3534.15600718, 6078.65148221, 0
7691.20937266, 7753.76858931, 0
6775.16821749, 9926.80099015, 0
8521.11346299, 11377.9287962, 0
9513.57600105, 7495.46189088, 0
9569.36035469, 5928.88486413, 0
10729.3804445, 3343.07487326, 0
5731.78403998, 5041.28568743, 0
10528.577864, 4602.24846468, 0
12421.0151853, 2637.94096525, 0
2980.09333679, 12202.5350522, 0
7888.13767512, 5686.48258091, 0
10617.1262738, 11140.8766277, 0
12747.2275981, 9022.01241728, 0
1590.70115908, 944.185639818, 0
1951.890748, 1325.57037678, 0
6924.32325851, 8595.048075, 0
12352.4446549, 519.532965596, 0
11855.5004738, 10410.2553709, 0
3985.80052706, 11107.7009338, 0
8643.60794262, 2990.69540143, 0
5597.93153938, 11791.167797, 0
6784.13803763, 12577.761231, 0
5703.00355721, 5085.28674805, 0
5759.93869802, 6878.73800536, 0
2596.24893378, 9388.3851671, 0
8550.03462613, 955.192939206, 0
3798.37867017, 10357.985685, 0
9936.36469859, 1731.08324188, 0
4754.60349759, 745.087056171, 0
12690.0540004, 5872.70578716, 0
10682.3961036, 10366.3597049, 0
2916.76945567, 8308.69359362, 0
12314.1936361, 6861.92600927, 0
758.00589228, 4843.19138024, 0
12469.0328856, 10302.8950686, 0
7608.13662669, 7903.36942884, 0
11735.1960713, 8602.33086033, 0
11595.7688548, 10957.885812, 0
874.225319438, 4493.67833482, 0
1740.99339814, 10471.8116795, 0
8707.48101577, 5624.71837297, 0
12296.617366, 5167.98378206, 0
4910.34731021, 1037.72267092, 0
10706.2877332, 55.7884634403, 0
2981.01827267, 2593.73694434, 0
12244.7327036, 6356.45704036, 0
3863.52476216, 7496.9966765, 0
10675.9569579, 5518.21612759, 0
12476.6662444, 4703.11041518, 0
11762.4215024, 3850.30935082, 0
12478.3372575, 7678.75890291, 0
8902.65967359, 8316.36061879, 0
9540.04878376, 6740.94281519, 0
10882.7764701, 4093.36970722, 0
7514.62832469, 3199.88015399, 0
1735.43004883, 2506.49272556, 0
10944.3219631, 2463.49564091, 0
6576.11209702, 7351.36611937, 0
9904.10239747, 12513.5469754, 0
3821.43632775, 8533.97811317, 0
1836.75201905, 9243.99322151, 0
11588.6341832, 12176.3595776, 0
10946.817904, 3079.87173049, 0
9534.11233101, 1410.69727798, 0
9935.44996841, 1555.60940491, 0
628.024467855, 9020.29057668, 0
4683.36817265, 10912.7908964, 0
10754.2321048, 6947.2441426, 0
11955.4760013, 2005.00046043, 0
12567.512803, 1982.13194781, 0
983.919320433, 8386.90280261, 0
7676.86195793, 8010.89880041, 0
3746.47667278, 8277.98042108, 0
12615.4834727, 946.711857292, 0
9635.6146574, 5683.41514435, 0
5874.15841179, 7279.4541307, 0
4506.47195937, 68.7171648705, 0
12668.6680169, 9213.36956437, 0
8502.93472791, 7594.20667513, 0
8615.73535879, 2039.36250777, 0
9575.52345756, 11278.9312882, 0
11547.493485, 6694.8557578, 0
12072.2220602, 8379.92905167, 0
11950.4143278, 5316.97537539, 0
12448.978581, 2090.79618011, 0
8801.51097104, 3463.69879805, 0
12265.4988715, 11056.5903528, 0
5738.97039706, 10648.031068, 0
7760.61436443, 9864.03049115, 0
2708.17484171, 1010.49038046, 0
11821.5611287, 7458.14139114, 0
9834.98542129, 10105.200938, 0
7789.04678078, 9494.25450234, 0
11691.6450262, 2579.79757105, 0
5671.37170267, 1438.20456628, 0
3688.34534815, 11846.5573935, 0
1885.55692615, 10109.7614771, 0
9533.7290219, 656.239555615, 0
12002.8958682, 12643.80483, 0
3537.26191157, 7989.19360846, 0
1712.40169954, 12797.1772565, 0
11506.2752846, 2548.0555002, 0
3511.09639844, 9683.68789249, 0
9706.00572613, 1766.41435058, 0
3647.1110433, 1259.29315687, 0
6839.72165513, 11179.0451172, 0
11890.7181271, 3753.08138812, 0
8612.49621685, 3824.1113482, 0
5731.68790377, 4634.01317216, 0
9688.71080001, 7323.14626636, 0
714.075970301, 7904.32913293, 0
1954.01756868, 7218.16711725, 0
4718.73678266, 2011.7718164, 0
3764.2922947, 2778.59471433, 0
3627.13104729, 282.220880834, 0
11736.5109666, 11909.646357, 0
1998.96478933, 2255.64791887, 0
8691.60972428, 6535.48482591, 0
12787.1315243, 8343.25043344, 0
4928.9582548, 654.011525599, 0
7640.58591128, 2155.41804849, 0
7999.71833661, 6153.41897602, 0
7970.49752708, 7790.6638489, 0
2963.67933908, 11476.1057953, 0
12602.3200871, 9086.01242549, 0
9709.47508821, 7414.5460077, 0
3905.40257446, 1266.16493913, 0
8664.69319527, 5524.9879029, 0
942.36747288, 7708.13677484, 0
6601.40827206, 8993.25819918, 0
9671.05279321, 9172.5442966, 0
12395.2083815, 7481.96713014, 0
10890.6466686, 12397.9053643, 0
6938.36710764, 7944.75747777, 0
4667.63269753, 639.382702397, 0
2522.15827202, 4400.32279834, 0
4749.98668487, 200.436327677, 0
7757.88100624, 12006.5679184, 0
621.736717717, 2217.51957879, 0
6724.22217037, 7762.98317327, 0
3618.33394128, 168.583554916, 0
8791.02947927, 6431.25477991, 0
7677.88181811, 901.655232265, 0
7705.67503791, 6912.90449169, 0
6583.86611601, 7635.57371017, 0
9871.82046845, 5047.46091032, 0
8762.2242603, 12670.6228198, 0
6959.67266008, 3011.19615364, 0
4518.54783305, 3724.31845097, 0
12231.9317345, 5626.19629552, 0
7812.01385021, 6170.71259999, 0
6740.30072855, 11802.5421171, 0
10777.1982587, 2954.72702211, 0
4596.17619843, 7994.72162206, 0
2585.60608992, 10178.1589043, 0
7635.83831719, 11012.1066567, 0
8966.81674887, 8907.89879886, 0
6621.19096751, 5710.61594559, 0
2534.66101779, 2743.08536642, 0
12136.6130262, 4575.27988655, 0
12763.1567067, 4833.13371131, 0
10963.3598938, 10527.2248981, 0
3857.4907384, 377.136083664, 0
3531.09281238, 6567.23205134, 0
9746.02014904, 9455.13823711, 0
1835.66037118, 5420.84057208, 0
7921.30581244, 8845.77545681, 0
958.491655854, 6853.41541971, 0
3530.20659091, 5045.28457889, 0
12275.4680408, 6560.30829552, 0
10972.3054973, 6215.06081972, 0
9999.85568847, 3037.88830116, 0
6585.40134778, 4686.44706188, 0
6993.03494905, 9229.15474701, 0
11859.33555, 8391.01646863, 0
5705.6805293, 2764.94575286, 0
10656.3578445, 1125.14218304, 0
2641.62426048, 3344.08722242, 0
4882.92563031, 8478.32606178, 0
6978.40464625, 1083.04917744, 0
9821.15210992, 11267.5976415, 0
12725.9796487, 7594.96879354, 0
7669.46554754, 5602.88952391, 0
7878.1846035, 10658.8139087, 0
7518.95779869, 9758.34893583, 0
6826.71466438, 12091.8774975, 0
5827.12392974, 11965.1314118, 0
711.977507139, 6816.69599835, 0
10928.3923235, 7725.30672737, 0
12434.8182572, 11586.2580279, 0
3718.83359651, 437.613711681, 0
12025.0447107, 1083.82288012, 0
1842.40989412, 8094.06105926, 0
3706.27802496, 8943.12470766, 0
4818.50001563, 8793.11386457, 0
3669.11350326, 9641.14816844, 0
12604.2841788, 2901.85685429, 0
5793.25486554, 6209.05592749, 0
2863.38340589, 4935.40153409, 0
9587.60401705, 12165.8217521, 0
2620.48200448, 5344.92345218, 0
12709.682597, 4816.28811931, 0
10857.4676498, 12214.688875, 0
1560.58069586, 172.907023241, 0
3903.3587539, 9191.50987267, 0
10948.8530729, 3159.95046958, 0
3947.18018601, 6092.847664, 0
1772.11769945, 2627.72702764, 0
3883.34975314, 10242.137502, 0
10615.2742765, 730.915280094, 0
825.558649977, 2669.61572718, 0
4996.58460284, 1669.97278194, 0
6826.69798895, 11362.4688984, 0
2812.43852166, 613.041078089, 0
7508.81236962, 3570.08734309, 0
5637.01008308, 10418.0785662, 0
9558.69491205, 6365.5636483, 0
5640.25772589, 6025.68661361, 0
3710.8048582, 9122.21328068, 0
2705.83316856, 4473.48726922, 0
1746.28741575, 7384.45587819, 0
12268.8513921, 7110.03583675, 0
1668.49925867, 4509.49766699, 0
8727.29365076, 6208.11652564, 0
5752.55804102, 10869.9441827, 0
11956.3779274, 2257.2271101, 0
3982.83312715, 351.017500936, 0
5514.53988948, 5620.36150253, 0
4782.38432746, 11152.22177, 0
8747.11694124, 11860.1685632, 0
6902.05222501, 6659.80193795, 0
9729.5718376, 9173.44429572, 0
12612.1038848, 9424.84186543, 0
6823.72560577, 5305.04724093, 0
12534.6965723, 1715.63060924, 0
9501.71550137, 271.659407522, 0
1698.13606114, 2360.52754613, 0
11911.0844402, 5458.92492166, 0
12050.8885503, 4546.36996652, 0
8789.46115717, 3953.14050308, 0
688.515354436, 10036.9005182, 0
2624.56510955, 2832.94864545, 0
9543.57992037, 2191.89056447, 0
11690.5604747, 12525.6456865, 0
1756.55563236, 8168.83210254, 0
2658.2720943, 5838.33696624, 0
11997.6074708, 10143.5831517, 0
2792.41057332, 5625.48890256, 0
7542.90101973, 9184.00755722, 0
3612.651294, 5846.89399624, 0
6722.79982822, 8371.55953078, 0
9630.47722966, 10074.1164344, 0
7841.27868452, 7061.37924257, 0
10891.4098854, 11705.0401933, 0
816.230642637, 3293.98148469, 0
12010.6707103, 12178.8826528, 0
5645.48821646, 3827.1487669, 0
8782.43943492, 3720.66507889, 0
6719.23065629, 12624.1023676, 0
3563.61009217, 6344.03567734, 0
1780.82645802, 1418.8685332, 0
11574.9866742, 405.254013485, 0
6908.7041329, 2201.54479822, 0
10754.3325619, 9821.09889127, 0
938.097965805, 5853.60410744, 0
5907.74643448, 1370.41233542, 0
11912.7898693, 6540.63777417, 0
12799.2180881, 8407.66125556, 0
12631.7300951, 8681.38407307, 0
5834.65876986, 3342.47037659, 0
10801.4290967, 1507.48263632, 0
2558.01939602, 8741.69648619, 0
1971.77105777, 10340.0553203, 0
1816.65028211, 11272.3293258, 0
1578.98704527, 9983.42977487, 0
899.329537996, 9781.66877415, 0
7830.36453244, 12659.7440827, 0
11995.3414936, 5182.66102573, 0
2567.38459481, 6381.46943807, 0
8737.20202104, 9279.75723838, 0
4520.00687157, 9913.57810584, 0
4964.40887895, 3784.79766477, 0
2974.27788952, 5484.72644679, 0
11606.8093303, 2314.74714569, 0
9981.55893637, 10049.8016173, 0
10886.8778721, 2388.8816814, 0
2909.97472464, 4895.99544095, 0
9541.66691387, 12089.7273625, 0
6912.24731915, 11958.8078704, 0
4986.55180602, 11228.5755862, 0
12770.3605215, 8041.91478887, 0
12008.6612209, 10480.8180349, 0
10692.4708694, 11229.186189, 0
1563.23721258, 11952.1068978, 0
5888.03014612, 5782.08442303, 0
1783.68833122, 9929.90554283, 0
1794.09332148, 2201.6359998, 0
1908.63708366, 8302.62991856, 0
9872.58584995, 7204.99735414, 0
12471.1884637, 11953.3228983, 0
2694.6827127, 3940.02401606, 0
12702.2725551, 3141.88809168, 0
8552.31489457, 11326.3241168, 0
4664.66410823, 7736.07082213, 0
7853.79364102, 10921.6428928, 0
4816.51828555, 2036.47241403, 0
6959.58715767, 694.153280726, 0
12310.8812459, 4145.58654547, 0
5656.73474759, 5489.58545018, 0
10593.4655146, 4359.2643426, 0
10796.6615259, 10952.0574077, 0
4567.64883139, 8288.98058794, 0
5761.58158318, 12350.5926524, 0
12320.9688872, 1696.90507803, 0
5622.44281441, 8002.08126531, 0
12641.8230096, 12607.8066189, 0
1672.75219222, 1089.3023662, 0
8791.94820294, 9058.15583097, 0
2857.80802539, 11357.2424522, 0
5743.1221976, 5096.93823847, 0
593.300875936, 6247.1570979, 0
12177.8287989, 3437.0273311, 0
1898.60548338, 7181.88717328, 0
3635.169632, 364.706502336, 0
11685.099024, 10319.0565253, 0
12453.7337507, 8768.80532532, 0
5595.30997966, 2651.71397687, 0
8816.4754804, 4011.94489013, 0
3576.48994227, 6302.22654559, 0
10508.1078367, 12590.4171192, 0
6684.46444644, 5188.46737421, 0
3643.87801503, 2610.27984668, 0
10512.4901036, 1890.72084833, 0
6752.77232486, 412.065219123, 0
11857.4421673, 3050.8662955, 0
2862.47535182, 8270.93249637, 0
2710.08156297, 272.653765528, 0
8505.99711015, 3301.63092936, 0
2545.23343638, 3745.91419542, 0
8670.14587723, 3772.29376661, 0
531.810402797, 1832.25793468, 0
2714.32274298, 6796.7397211, 0
11736.4020152, 481.705090786, 0
3971.38175506, 246.282922836, 0
11740.8458642, 2947.49081189, 0
2743.10020996, 11700.5230528, 0
11757.4528359, 10924.9095037, 0
1824.67482698, 8935.65481314, 0
3833.66420893, 2383.08299422, 0
1704.26877914, 1502.90232843, 0
2667.01852941, 11689.483927, 0
1594.88194438, 5014.71281427, 0
11714.8710554, 11949.2778481, 0
7752.75914737, 5201.6175836, 0
12697.1020904, 3504.52665681, 0
1572.47386043, 4225.12677051, 0
9501.81506162, 4792.56063389, 0
4842.53510959, 12434.9320283, 0
884.586671473, 676.466323885, 0
9781.47215636, 12651.138463, 0
10506.7208645, 11947.1545372, 0
5616.68094121, 5324.88892338, 0
3931.55551127, 10927.1069113, 0
11615.3554118, 9841.49302317, 0
1642.26555491, 6435.92840955, 0
2645.67415788, 3098.66375302, 0
4651.97173651, 4069.20588124, 0
9527.05389155, 3595.89679221, 0
4550.30807276, 893.405839484, 0
6582.09060782, 2796.71203801, 0
11549.3262098, 845.513277134, 0
2978.07462537, 8982.65831071, 0
2813.54736569, 4967.39932081, 0
2532.26877266, 547.888102483, 0
8668.80187643, 5601.51619011, 0
875.130506803, 9971.84210074, 0
12201.0290967, 7400.01114944, 0
8528.90742341, 8924.31610177, 0
4660.65719089, 318.557940748, 0
10745.8993989, 1163.53673879, 0
8506.86099176, 5006.97471902, 0
1807.26693868, 2590.26808951, 0
11812.2377518, 6963.63263734, 0
6611.12136496, 1745.65586465, 0
5609.8623969, 6466.98357692, 0
9875.26181231, 11525.4250185, 0
1703.26344229, 12130.5770994, 0
11654.9519881, 8677.74067908, 0
752.863637423, 4934.84275623, 0
7676.95719124, 9562.9200383, 0
10945.7881669, 1342.32740186, 0
2681.71741191, 11066.9519309, 0
10872.6005026, 1478.5101352, 0
12759.162701, 494.938199831, 0
919.84717073, 11131.8163916, 0
6788.74439182, 6470.3661744, 0
8586.66615515, 1277.05550583, 0
6642.78044804, 9422.50104633, 0
10615.5894941, 3238.76596519, 0
12668.3431127, 7266.42149524, 0
5625.91582505, 185.956484165, 0
12723.9188086, 10075.1546618, 0
5770.26909977, 10671.6103901, 0
3546.76904066, 220.118876241, 0
2872.64709198, 8030.28879661, 0
9916.28883269, 2647.08547995, 0
752.960228211, 2469.33998928, 0
6878.2682028, 11284.8035903, 0
9536.27805157, 7336.10655471, 0
624.76349379, 9647.19529993, 0
5628.8367691, 348.340944424, 0
7947.47617063, 6902.87954993, 0
2951.32856141, 5522.92977725, 0
2955.56663571, 1066.59911298, 0
7798.82247682, 5020.36869126, 0
550.772404093, 9338.92405459, 0
3993.45616631, 2282.0584573, 0
8789.50284993, 136.370755794, 0
12456.287098, 7825.82309317, 0
759.512088488, 6969.72213096, 0
9800.24134774, 1700.60594117, 0
9650.90157436, 7746.81735221, 0
8632.84779221, 12329.4799489, 0
5951.93945324, 3896.11877455, 0
10755.2579721, 11344.4396821, 0
7866.92556504, 5989.11944486, 0
1720.90572903, 9822.03316674, 0
4628.84860107, 3642.30183407, 0
6645.88859483, 5566.10870783, 0
4611.70217159, 1234.34268046, 0
9812.75002497, 11988.8686881, 0
12429.221923, 4137.68059248, 0
955.291931675, 11262.9578442, 0
5630.83653905, 352.323662001, 0
3911.27132852, 12171.4296058, 0
6971.89217236, 8571.63133255, 0
4646.93172328, 3949.40877398, 0
12341.2887153, 10987.1628291, 0
1692.80179971, 6799.98399071, 0
8520.58645972, 3574.35721987, 0
6517.5817322, 2328.03273847, 0
11538.2544332, 2866.90919508, 0
3586.9768357, 376.486361629, 0
5633.27664297, 2355.8725554, 0
12239.8597052, 6112.06722431, 0
9768.32187258, 819.53200014, 0
7835.45929681, 10734.0488563, 0
9763.6495976, 10692.4436816, 0
12613.3632968, 4186.53802128, 0
9763.84654025, 6144.6284639, 0
1904.70582959, 7446.9200437, 0
11622.3105425, 9703.37898305, 0
3690.00831519, 12537.2955279, 0
3946.77302547, 12283.4809944, 0
6774.5083163, 5458.47310705, 0
2560.36647667, 4949.5139845, 0
9506.19642661, 10529.5199854, 0
9685.74927686, 4809.03411384, 0
5983.22877948, 8513.06585267, 0
943.363782705, 5581.42149063, 0
12036.2446539, 2522.71930911, 0
8523.41757454, 5489.81208663, 0
12523.9669568, 4276.11167276, 0
11710.7521516, 3679.95512016, 0
2931.09432656, 7058.18657009, 0
8704.23652389, 2549.66654104, 0
8635.36765451, 2567.50536723, 0
6988.44637676, 6894.62026076, 0
1507.97082573, 11690.189587, 0
863.465632749, 180.013769963, 0
12793.2898163, 7383.02980304, 0
12324.1798204, 12632.0290963, 0
3570.94036719, 1636.56233601, 0
4984.57526701, 4120.51038254, 0
12449.6546362, 6710.28516256, 0
2671.07081213, 1532.33844109, 0
7670.16285791, 6916.93110989, 0
7547.86552165, 7422.43321187, 0
7853.07494707, 9173.40648853, 0
6507.29821712, 8345.94882223, 0
12465.6845644, 10795.4964405, 0
6524.95113059, 11320.1488051, 0
7944.15553292, 5815.78703072, 0
11713.2371286, 9187.81491989, 0
5963.33018027, 5032.4524353, 0
8590.01152481, 9664.39422936, 0
2974.70886946, 1007.50152071, 0
6664.98143753, 5080.40517473, 0
12244.8452329, 11285.0216057, 0
5815.13445148, 10263.4146852, 0
12208.3836619, 8535.15710506, 0
9723.35725229, 4362.90537181, 0
5562.91210106, 1486.87145154, 0
5971.48080406, 7554.17656341, 0
7502.67692765, 5121.83505271, 0
4826.71003206, 9083.29233934, 0
4653.33633569, 1727.7117291, 0
5728.16105587, 5520.84281882, 0
1613.19127982, 11919.6229558, 0
4948.57407001, 8583.11471381, 0
9770.93240766, 10093.1309624, 0
2737.35070298, 10907.3181596, 0
7703.80520962, 8310.27089591, 0
11976.8057811, 692.045709989, 0
5681.04550097, 8455.63310911, 0
8955.65545722, 3277.08948297, 0
7594.02648006, 11904.2815218, 0
4860.51699806, 4021.87125327, 0
10585.4050722, 7119.59435995, 0
8770.0536602, 865.175505208, 0
11675.4815216, 7045.43965645, 0
11586.9882753, 12263.3779694, 0
2662.92367693, 2887.57310221, 0
9685.84198165, 2234.19795256, 0
8512.88966473, 11154.4259635, 0
11956.7066717, 5721.6441564, 0
9559.47458717, 11989.3205551, 0
978.667614216, 2530.29378888, 0
1972.53945218, 5337.74212879, 0
6587.36779289, 2065.71970716, 0
5959.53352383, 10419.4691046, 0
834.779026678, 1681.21696678, 0
5953.68282618, 3155.50366465, 0
1975.70163166, 8052.68122477, 0
6791.61598711, 12588.8868463, 0
1957.68115064, 6708.17664474, 0
6662.18904927, 4848.98786912, 0
12186.9053079, 3297.21748352, 0
2960.35885958, 3635.18819638, 0
3800.05220239, 704.067230033, 0
4772.49604426, 9562.0543252, 0
6603.71209583, 5972.01504321, 0
2695.36100215, 12152.7468534, 0
12028.3144526, 2971.51001627, 0
2548.3641227, 9338.50498966, 0
9527.97560872, 1646.94255349, 0
10726.3058455, 5122.13792259, 0
3859.99414095, 10952.6462997, 0
1798.14429141, 7289.31163086, 0
9854.7408992, 3740.93364592, 0
9593.2035559, 9230.21338624, 0
6968.07838828, 4338.00390635, 0
4565.76074753, 9563.45424407, 0
5745.36193337, 10345.4641045, 0
8924.59800445, 1370.54607678, 0
11630.5043183, 10669.2013728, 0
1813.86040547, 6618.63052731, 0
5545.720087, 1390.13477384, 0
5731.97352719, 1831.44192613, 0
10956.9287272, 6069.83205816, 0
1517.54232306, 10736.1538199, 0
2660.43342643, 11208.8424544, 0
2974.86271275, 6104.13859923, 0
10521.9205857, 7820.79791417, 0
12020.6024239, 859.219227431, 0
8945.6121604, 4879.940714, 0
12766.0441163, 4048.74147636, 0
716.426461782, 5547.97374317, 0
690.432844504, 5391.09395245, 0
6964.97587324, 7957.10042999, 0
9936.95796175, 5621.80620328, 0
11774.7222539, 11475.4505571, 0
4862.67553579, 9254.05278421, 0
4789.61292598, 889.612702078, 0
11651.5870985, 2297.15801373, 0
504.861289538, 10229.4062552, 0
3986.72899239, 3355.48200033, 0
3524.71923773, 234.396615118, 0
9989.77368037, 4694.87711875, 0
5965.62514694, 1752.83292, 0
837.042151878, 8486.69138489, 0
2618.52199918, 12230.934776, 0
5822.9043618, 3732.22181122, 0
9870.05844266, 12318.4303996, 0
11589.6466092, 7954.13049835, 0
1512.29701474, 1970.79178339, 0
11862.0042661, 20.361204008, 0
7627.83551097, 8524.66099895, 0
2960.82023068, 2537.0569965, 0
8674.80525868, 7906.09150103, 0
8577.31729467, 8604.29970207, 0
2939.22177589, 8052.16875635, 0
10567.7432855, 9233.45682343, 0
3723.59281033, 2733.57281079, 0
5983.40756584, 2859.78425854, 0
6992.55266044, 5784.7305378, 0
5835.06577562, 11866.3171178, 0
7738.59446065, 3123.24241832, 0
673.18027771, 12076.7968045, 0
8659.2968131, 4709.16149124, 0
1680.47857942, 1865.39722577, 0
9513.74729698, 10963.3937291, 0
3625.77915018, 6234.05151558, 0
8735.5038579, 1550.91078515, 0
11692.9871015, 12762.4240456, 0
5869.74527634, 12007.8271124, 0
5671.52054621, 12222.1147852, 0
8538.21168757, 5141.98958813, 0
4569.97028582, 12267.8312803, 0
520.429637348, 2242.68993274, 0
2971.22823766, 472.605155039, 0
11850.5009193, 12679.1511044, 0
795.535908929, 11459.1754836, 0
970.184670979, 8150.84501717, 0
4680.12868853, 2077.19270547, 0
7574.216302, 5731.54683105, 0
11793.9594929, 9958.38916653, 0
2838.93880875, 6397.52547171, 0
9728.37344886, 12524.873766, 0
9618.56716048, 7644.50420288, 0
4755.04992395, 12003.1854683, 0
7755.84553103, 11262.9575167, 0
3702.27176544, 9896.81135153, 0
12775.5781063, 3551.88393399, 0
2566.97929886, 4136.61457605, 0
9972.48486581, 8410.81190927, 0
5832.70401725, 6924.51001482, 0
887.704657101, 6007.28695375, 0
3527.27129977, 2926.15010464, 0
5725.26738927, 10824.2192959, 0
11549.0252557, 1007.48295767, 0
4592.62764229, 7143.60076529, 0
2932.48104358, 1260.36100103, 0
2766.55237341, 7016.8876534, 0
2552.44982234, 2490.12043105, 0
8709.28094757, 5156.05858555, 0
3684.43184956, 6004.18421434, 0
11622.2252955, 12334.3192803, 0
3979.1970427, 1585.11436843, 0
10603.8940793, 3605.08226133, 0
8878.10214819, 433.576953038, 0
12631.5849303, 7328.79884914, 0
8946.61068498, 17.2449163449, 0
6907.52799222, 8962.14144499, 0
8860.79539933, 11483.1392191, 0
6972.28586549, 1565.46805724, 0
9773.31326558, 2224.49994917, 0
11675.9425404, 4810.21134321, 0
12125.7067589, 9689.67740172, 0
12491.759308, 4439.49267247, 0
1823.50446481, 10227.1448174, 0
6677.3135032, 447.80710162, 0
1841.6667569, 8629.77162574, 0
10655.5358434, 11011.9417823, 0
5702.2895169, 12020.743129, 0
12041.7059826, 12337.8524787, 0
3871.91582864, 3873.63297212, 0
1893.64164739, 11532.2078688, 0
8934.80868567, 11743.6687177, 0
11971.5354512, 7385.98324839, 0
10750.4727277, 4151.65061123, 0
12135.4638491, 8616.5893298, 0
5656.08766191, 2732.65281517, 0
2975.77807607, 7876.06432128, 0
8969.30745679, 3497.11895764, 0
3937.23123327, 12417.9804254, 0
6851.79273602, 1229.45970691, 0
7724.76440513, 7681.01080727, 0
10927.2816729, 9378.1561144, 0
6738.23894884, 7522.05435772, 0
922.050653239, 2704.84871761, 0
4844.98472925, 1880.5561786, 0
10566.187771, 9121.40400132, 0
868.732937106, 2573.01354378, 0
8990.60321932, 9394.11846167, 0
11809.3236664, 6518.14023718, 0
10871.8274818, 6755.71744356, 0
12646.4060004, 9810.57025448, 0
651.20386952, 2502.63448247, 0
3697.53012566, 1716.11485376, 0
8673.30691819, 8509.21414291, 0
2877.72285425, 5863.35166189, 0
519.46094902, 8949.69144956, 0
10729.4088719, 7519.95538175, 0
641.474037959, 7659.17601979, 0
5535.5184281, 3254.6676081, 0
7754.06153859, 5674.52590291, 0
1914.06991204, 11790.085986, 0
5804.37255282, 9604.49198576, 0
833.365231311, 1581.52198999, 0
8902.7182246, 1568.89769982, 0
4623.60536108, 12691.124274, 0
3765.1744784, 7688.55617589, 0
4699.15628574, 9755.06618679, 0
759.330242212, 8439.21964223, 0
6547.85218095, 9283.24582941, 0
8522.25216572, 4952.00809735, 0
8701.89688914, 9975.58519109, 0
4578.33399968, 1483.80311817, 0
2977.5303155, 2474.15662003, 0
863.992608409, 9767.04579773, 0
6524.21391264, 331.09948628, 0
5889.47704678, 3860.25517318, 0
10508.8095179, 5265.18614884, 0
6973.24916009, 5437.43357093, 0
4931.04712317, 9828.56337887, 0
10842.6999252, 8281.58597091, 0
12001.9963938, 11565.1194625, 0
8636.96459055, 3168.59181135, 0
10905.4185089, 3312.2082376, 0
7964.30126472, 8917.89527147, 0
6930.02104492, 4408.21450826, 0
1993.34440829, 2781.45028258, 0
6539.16484644, 9091.84515017, 0
4655.42895666, 9173.66093302, 0
2925.17877878, 9480.06597836, 0
1809.0462346, 5932.09024347, 0
3659.28988067, 12791.4687711, 0
4909.51767112, 2492.35421713, 0
2805.68705984, 2798.18331466, 0
5621.96002958, 8798.81275459, 0
6659.94805583, 11254.3857862, 0
11559.7328173, 11624.5666696, 0
9710.57298046, 12096.6818869, 0
12047.4110628, 11319.0440108, 0
12124.7438054, 1035.16135183, 0
9507.75058888, 12631.3673934, 0
11935.4587735, 8074.01120182, 0
12615.7420194, 11320.8383788, 0
8920.61472732, 5686.37420002, 0
5505.53508176, 8640.00644152, 0
11802.0444015, 6066.48183479, 0
5517.3514713, 8349.23442443, 0
3968.42600876, 9506.01598146, 0
10506.5308738, 8225.75245541, 0
8562.51924175, 2481.51946825, 0
6645.07218057, 6534.90740791, 0
8531.77104851, 6825.36851617, 0
577.116054384, 2382.57621058, 0
9645.52386349, 2204.87358257, 0
5513.87323615, 5176.27559296, 0
11554.0065707, 11226.0764804, 0
12036.5378256, 8521.67127235, 0
12599.0104778, 7575.48884627, 0
2883.13224587, 7414.053732, 0
865.682555826, 216.469680424, 0
1695.20099708, 4657.34873159, 0
9998.74435734, 11103.3052255, 0
2722.72577937, 3063.11128527, 0
4827.13804835, 1876.66608005, 0
10582.0963312, 5533.26321458, 0
5843.6062255, 12051.6089016, 0
12720.4331071, 749.051531571, 0
2885.18169545, 9283.09166218, 0
3902.58207703, 6850.50769792, 0
5794.43035446, 1469.47154953, 0
2703.18406198, 4605.69288162, 0
12531.8490679, 12012.3247877, 0
11929.2806373, 2321.53777411, 0
10873.9819858, 5681.05020116, 0
9955.96951256, 9096.73057642, 0
12487.1506684, 3781.68942165, 0
7563.26598036, 9929.96931246, 0
3510.68095265, 9577.77483028, 0
5774.88085638, 5517.35887875, 0
7660.37383048, 10217.5131041, 0
991.100773584, 5675.77248052, 0
8604.05538749, 6247.55538366, 0
7973.19998412, 10655.9269405, 0
9690.28397654, 9447.10993101, 0
1915.62560835, 2762.60049779, 0
4881.4169114, 2208.76963006, 0
12591.218693, 3314.97253408, 0
7535.96254847, 281.709360735, 0
5683.67071176, 7501.47633172, 0
3846.77953165, 4263.09420518, 0
1614.94439085, 12273.5091767, 0
3528.07722487, 3149.96795935, 0
1517.21079657, 12758.407932, 0
526.618737749, 4727.29772835, 0
9633.01977149, 107.789270093, 0
7781.40102819, 2656.48218148, 0
12744.4697878, 8675.44017998, 0
1511.35703627, 6051.60729909, 0
5981.3453768, 3842.52074946, 0
9575.3819052, 3880.12357004, 0
5621.20572216, 4823.73442523, 0
11802.0731757, 348.844891782, 0
9558.03148159, 10819.2854709, 0
9986.75273731, 165.919055136, 0
8582.27485831, 7367.19444105, 0
9842.99076464, 5719.83184865, 0
638.779945563, 4539.70057147, 0
5604.42934534, 9536.16127441, 0
1507.04489286, 3963.9594328, 0
11628.9242079, 8992.67030776, 0
1963.45843633, 4134.3718878, 0
602.533034107, 5351.95015453, 0
6549.88522069, 11674.2636467, 0
854.548424449, 11075.5915495, 0
8998.21237916, 2272.8062817, 0
5788.59627901, 12789.4330089, 0
11598.0358712, 188.148395683, 0
4503.94795776, 6678.09125036, 0
5585.63032623, 7343.58264053, 0
3986.65851803, 11612.7975942, 0
6808.01676073, 3128.76601667, 0
9740.67518925, 4786.27983759, 0
12088.3762974, 9988.93808231, 0
12597.2705968, 7611.55145892, 0
10954.2863272, 7806.72230398, 0
7791.69522013, 7579.97893363, 0
10556.4320965, 10771.6147437, 0
12742.0182121, 8223.06229936, 0
10764.5520755, 5122.44728025, 0
1974.62988823, 1351.42941972, 0
12364.1757963, 3095.2370595, 0
4742.02823498, 2475.3406048, 0
1553.36384601, 2858.81643283, 0
12120.1952556, 4804.88184044, 0
12186.4036609, 7728.07607468, 0
11961.5547202, 8027.6806284, 0
4961.61885087, 8964.67557159, 0
9847.51770534, 12239.3001355, 0
635.137766156, 9197.12019518, 0
618.02827911, 9592.869567, 0
938.793779873, 3570.08438578, 0
5642.87594314, 3331.32778533, 0
11512.274505, 12016.9176377, 0
5733.58136615, 1924.49773986, 0
12236.8605288, 5062.83240767, 0
9639.85212609, 5708.0996984, 0
1505.70923431, 10292.3102209, 0
12683.6203454, 4353.8399415, 0
7627.82851287, 3207.43303952, 0
614.521132275, 606.082102845, 0
11972.4672782, 6369.48675647, 0
8658.53975028, 9756.10179896, 0
8624.35188233, 1838.47281933, 0
7971.69575841, 9241.00483811, 0
11864.1279861, 5794.43606963, 0
3954.95737067, 10176.4890223, 0
919.55966523, 6828.31532764, 0
12666.2986954, 11278.103839, 0
1667.65739014, 4919.96398177, 0
11767.2467303, 8436.23952018, 0
4780.12998855, 3135.69013511, 0
1528.10728704, 10971.0466172, 0
11656.6395804, 7152.91291372, 0
692.282193651, 2961.99050958, 0
9504.06433912, 4607.88819454, 0
3521.13896481, 3432.7881511, 0
6616.9039075, 5201.52856127, 0
12143.9411306, 11313.8250968, 0
5673.56213751, 4780.51550339, 0
8779.52105863, 4745.23464901, 0
6585.0891174, 11069.8888998, 0
1737.49073463, 3158.8514356, 0
5824.24599548, 6721.75319009, 0
11757.4337884, 2667.67075819, 0
10917.8406018, 5700.01334775, 0
890.360576779, 1832.99095156, 0
920.461648102, 2625.31218407, 0
3767.83451158, 10247.0278108, 0
10959.3818037, 11334.7081867, 0
895.854184585, 12061.0877122, 0
12552.2952961, 4129.99477874, 0
9978.5452894, 2568.69823245, 0
10778.6098106, 7634.83382478, 0
3701.95960986, 11790.966023, 0
876.66610447, 946.418855596, 0
692.131022813, 8910.12288824, 0
4525.8485353, 6442.81069673, 0
686.673359857, 8380.35252799, 0
11864.7589786, 1360.05212822, 0
7779.54147451, 8211.82648407, 0
6743.21574674, 12581.8834472, 0
1595.39861987, 2501.0823547, 0
6941.28747012, 6191.34272083, 0
7913.09342319, 5970.0727333, 0
7921.2017944, 5759.60415262, 0
3820.58126092, 4463.05613395, 0
8923.34846351, 11719.0570323, 0
9605.28782826, 2297.44559771, 0
5729.62962739, 1154.74943758, 0
3974.5270558, 5154.48318484, 0
12077.698339, 9438.04912323, 0
4896.17734403, 8452.82574608, 0
7525.28166628, 4232.12966634, 0
662.019886558, 1045.19912344, 0
9773.42032423, 261.526014986, 0
11675.8674414, 11202.9865519, 0
3868.64306531, 6033.56464468, 0
2782.23507357, 9021.03002122, 0
6769.83109816, 11491.537781, 0
3509.56816096, 6904.54862078, 0
9895.19272586, 7811.6504293, 0
2727.71318995, 4454.20491264, 0
3990.62418549, 7830.20784354, 0
915.595511859, 599.02587672, 0
5914.54990356, 8153.72112201, 0
11535.3559406, 1408.53124423, 0
6871.27928155, 9934.65089665, 0
2642.68085483, 6104.44268006, 0
12403.0074943, 5146.67373797, 0
9622.06974549, 1756.40837594, 0
12532.7834279, 7196.43977407, 0
9678.92033283, 603.892370635, 0
755.181077371, 4347.03712549, 0
8637.72765749, 8926.80918624, 0
9716.02395645, 8693.80908259, 0
9781.41664396, 698.788951832, 0
4820.25929293, 8600.25213407, 0
731.721285731, 1809.07598405, 0
11916.0404075, 12469.188248, 0
10744.3296153, 9204.81989763, 0
5608.54546627, 4409.18847618, 0
3758.48120707, 4175.15792025, 0
10756.0506044, 976.212004423, 0
11781.1569293, 6583.4110035, 0
2939.33080931, 11763.0876697, 0
8666.41903989, 5437.19688749, 0
11845.0056384, 6164.9292201, 0
11577.5532478, 11674.061786, 0
8963.95163368, 294.369166692, 0
7611.6469723, 12170.0456437, 0
10602.5727593, 8437.21852557, 0
7985.45917185, 1812.76646839, 0
893.421424848, 8348.52711674, 0
10521.9016898, 1014.19931101, 0
12715.8898483, 7437.88375993, 0
6884.00686503, 10727.2445171, 0
4770.14671076, 8489.94694251, 0
3747.94762463, 1385.56455083, 0
9696.46797512, 12348.4592956, 0
4938.34133603, 10045.4334404, 0
4904.98043324, 7587.66349287, 0
2509.74811583, 3426.35228881, 0
4852.772065, 2371.14498882, 0
3749.57421037, 10452.4311067, 0
10802.3293491, 2050.34697982, 0
6646.70769869, 2979.58598048, 0
504.31247404, 11558.8525224, 0
12185.1354208, 12583.4276196, 0
7918.893326, 8273.24124853, 0
6738.75185509, 10999.2246063, 0
11795.6907207, 8112.61100158, 0
3999.13550599, 10128.2871482, 0
1742.24827977, 7089.81523047, 0
6974.50005793, 7741.44419653, 0
625.036324157, 2776.33208411, 0
1918.58379971, 9824.85248372, 0
7936.33484263, 1803.98035512, 0
11589.4085295, 328.496687955, 0
11952.4150163, 9568.01503484, 0
3931.3597007, 11945.7771024, 0
2954.08987384, 1080.10883068, 0
4840.83557086, 333.214847426, 0
730.221611033, 2480.35351277, 0
2980.19707579, 4866.81775083, 0
9599.58428396, 3850.80311202, 0
7754.51239978, 3043.88122846, 0
10798.2240845, 4552.9991582, 0
8639.04574877, 12767.0522426, 0
1715.33929058, 5068.72114452, 0
4906.07703146, 410.506613736, 0
12558.7977108, 7599.98892087, 0
10661.4631774, 2851.79281435, 0
3987.3445206, 10610.679005, 0
2861.56219299, 995.819546093, 0
10638.5265099, 7806.94548274, 0
10606.9858424, 5783.89343106, 0
12779.0528951, 3713.56314916, 0
8914.3897015, 12621.0099036, 0
4640.09082389, 10478.4427577, 0
6826.36795175, 10376.0924894, 0
5759.59636678, 3373.11392656, 0
2853.98038791, 11327.7937361, 0
9985.25299634, 9404.9657586, 0
5881.36823227, 1626.26759877, 0
4705.43922127, 2106.878936, 0
613.876118418, 5462.40093797, 0
11619.548079, 9960.35433325, 0
5872.64433629, 10592.025076, 0
2554.3216791, 1376.64590663, 0
11847.3156254, 9055.07533321, 0
8806.56788908, 892.091484436, 0
6744.6383676, 12709.2005438, 0
6544.22541094, 1442.69337157, 0
11756.6831675, 5386.74474356, 0
4988.15731078, 10032.6783702, 0
557.994040255, 222.016741807, 0
11525.0769248, 2556.99552456, 0
5953.35654842, 3672.66820605, 0
3878.66960039, 361.67096594, 0
2819.37240854, 5714.65802948, 0
4746.81744514, 7126.85706354, 0
857.611418086, 3629.34000362, 0
10545.1774832, 2939.64721684, 0
3675.06889273, 8717.37907428, 0
3999.01341569, 2048.16506911, 0
7783.96672572, 9330.48793808, 0
10719.3355332, 12039.0124587, 0
2813.03481849, 5047.98955866, 0
5859.93194473, 377.046717451, 0
6577.03245443, 11417.1849903, 0
12548.8521521, 11691.1861184, 0
1680.42234747, 8580.06780449, 0
4652.88046217, 9431.33986462, 0
872.766594967, 8435.47183602, 0
8926.71942275, 3519.28519035, 0
8587.90840666, 8161.22334467, 0
1672.02266008, 2873.09478893, 0
1977.73609831, 12175.873932, 0
9868.42593493, 247.432159348, 0
800.289351443, 11237.2053863, 0
599.374535615, 4883.59643924, 0
12542.8890761, 1719.71764591, 0
705.626994154, 8168.50730219, 0
8902.49107412, 3145.51828594, 0
4904.97501973, 2336.42091202, 0
8705.7910234, 8438.86672223, 0
3883.19877036, 650.399561161, 0
1825.54040933, 12498.058935, 0
7863.2086788, 2014.27619584, 0
5739.97275051, 4776.07604924, 0
3659.31420027, 4106.93865423, 0
7843.93283271, 6255.21851928, 0
12721.0655363, 2812.55841594, 0
7836.20124074, 4375.67500555, 0
649.244080367, 3514.4317907, 0
4934.13751699, 1875.92738952, 0
6511.58051303, 3049.20700548, 0
6539.29818718, 2329.51422809, 0
6633.29563025, 11462.7515659, 0
894.306363679, 5698.09374238, 0
6709.44971334, 9980.82300504, 0
10782.1789404, 8404.90456744, 0
9808.78204217, 2878.85678592, 0
5970.7012457, 10909.8554358, 0
4857.89323748, 9792.19025365, 0
9956.42740299, 7641.53653875, 0
2998.78461159, 7980.513282, 0
3829.0784689, 3125.26761076, 0
7948.59781666, 12718.734883, 0
2627.60179066, 12156.3511471, 0
12057.6072313, 2966.84180936, 0
5941.62564891, 2119.55714116, 0
12267.2979815, 11627.6709335, 0
11632.6646955, 1377.92331274, 0
3954.34935304, 5138.07867136, 0
7636.36550248, 7993.79136018, 0
2797.79860224, 11641.8642969, 0
10672.7190376, 4041.60700763, 0
1572.58749502, 1879.93918626, 0
11616.452725, 7672.41555923, 0
6560.75068313, 7330.643654, 0
5513.75422253, 8380.54670301, 0
6674.42481806, 12036.1721535, 0
9989.37089965, 2256.34372457, 0
7688.06935156, 8935.01748279, 0
1658.75365186, 9098.43683428, 0
5912.22477445, 310.770705326, 0
10737.8519178, 9776.83226346, 0
12740.4389439, 4517.97733191, 0
1950.26853844, 9795.63062851, 0
918.397360855, 12285.2860235, 0
9972.24780436, 5800.46501761, 0
10574.0367421, 4427.61152043, 0
11507.8510743, 1006.90052222, 0
4799.58149698, 9093.54162168, 0
12633.2553489, 2634.5801867, 0
9655.34103681, 11799.8499692, 0
10718.5241372, 4057.02593293, 0
9673.07319859, 6817.85412912, 0
4775.91863849, 5757.60401868, 0
10653.7777592, 2773.09497383, 0
12267.4023009, 10210.4448604, 0
7615.7681667, 1840.75687616, 0
5532.88220119, 2217.75683282, 0
6971.83052143, 1865.62031212, 0
10630.7736751, 7886.47813766, 0
12733.0484517, 4765.55404508, 0
8929.4986975, 10061.7358124, 0
8601.06025297, 80.8966261261, 0
7945.70660117, 5182.83852649, 0
10850.8129716, 10278.4833508, 0
8799.01267788, 9435.29971395, 0
5534.95209295, 3789.78977173, 0
3683.94381064, 11457.0586003, 0
6986.24018871, 11328.3794828, 0
7634.99868636, 2594.16744737, 0
9615.16970694, 11205.0204246, 0
5723.09196978, 8886.93935354, 0
5836.71648213, 9478.532914, 0
3617.34572019, 9294.67353206, 0
2546.56750362, 12518.091347, 0
12671.8553299, 543.527403753, 0
12592.4273858, 520.46749628, 0
8667.24541814, 4697.53276366, 0
2829.10187742, 4914.62456406, 0
532.964057685, 3352.92559848, 0
798.431173282, 3082.32870934, 0
1563.86271298, 3935.69644821, 0
12447.7605595, 4674.37409719, 0
12421.4203946, 3439.88688892, 0
2551.19024115, 5985.66444505, 0
1559.04793431, 7423.73898383, 0
9729.14034154, 10641.8593322, 0
11851.7317279, 609.477011186, 0
3528.6234324, 8342.50855385, 0
961.45197246, 6085.65468934, 0
10729.9390962, 3891.05116459, 0
1889.15394583, 8694.09563145, 0
2969.35344671, 1118.65828273, 0
5732.96552053, 5111.85092945, 0
9913.63597735, 4038.11419658, 0
586.407194511, 970.233515778, 0
940.136868571, 9585.7482834, 0
11975.5176391, 5221.5502421, 0
7806.12616588, 2579.35784109, 0
1605.84238122, 9274.65813575, 0
2622.48330354, 6089.56923664, 0
4949.89115249, 8919.07393916, 0
5608.38497571, 5852.15666402, 0
8548.0360485, 1595.6733116, 0
10719.724781, 4984.97437186, 0
5880.18374522, 1275.08982926, 0
11531.4415269, 3791.91684271, 0
10505.7590243, 12515.8990638, 0
4555.04790346, 6897.14254334, 0
5937.59690236, 3202.17841692, 0
12358.0635098, 10761.2690587, 0
5506.48291804, 6717.01367693, 0
11712.7418379, 2923.37076156, 0
7625.42784002, 11426.0756664, 0
12234.8410312, 7824.49383744, 0
12540.5480258, 10950.202466, 0
7843.64497126, 1409.76846203, 0
7646.57166917, 10987.8787497, 0
523.116241102, 8983.98166999, 0
2835.38345469, 4609.51739529, 0
8686.6978861, 4345.11547373, 0
11845.533048, 8209.10525732, 0
10627.5067315, 1023.75854112, 0
10755.5716934, 679.227158301, 0
7990.19400549, 6556.67769944, 0
7902.42940348, 9921.52951252, 0
12009.0529484, 3686.56937189, 0
10848.420294, 1721.74339114, 0
3687.14558786, 11091.9918331, 0
6503.20438106, 4624.62724352, 0
10720.2485573, 5053.58384918, 0
11792.5609455, 6643.28338592, 0
8556.45789335, 1486.80297555, 0
4531.60308612, 2930.98310381, 0
1650.74555772, 3606.8917028, 0
11848.8106729, 4313.94972269, 0
3964.16901018, 9075.64678636, 0
11751.8685658, 9574.25027288, 0
7537.38723153, 12519.2868894, 0
9740.18606728, 5146.81903025, 0
10830.8137455, 6567.417404, 0
8991.91612238, 125.125863761, 0
11729.829512, 1371.00420201, 0
8815.42499467, 12257.5215918, 0
8538.09019358, 6639.99330366, 0
12712.6408272, 9142.63923819, 0
2902.17845949, 10953.1580354, 0
7579.61907859, 6585.47922956, 0
10880.4831197, 7564.2340852, 0
4661.87929969, 6977.13631968, 0
12231.4003967, 10452.6679258, 0
9520.39408141, 1601.08641803, 0
1670.94479095, 5770.7571203, 0
11805.0733528, 5543.63096872, 0
12496.9224485, 4622.15400143, 0
7508.43855475, 1746.51359822, 0
11512.3985047, 7289.41789016, 0
7894.37254811, 1438.72540934, 0
1868.78016632, 1711.97487583, 0
12209.8309561, 6.55105713393, 0
6684.76548008, 3482.63940444, 0
3588.63103653, 4065.87420293, 0
12227.2523148, 11132.1387828, 0
4961.57796788, 12310.5757803, 0
7660.07437815, 6928.15746529, 0
7539.95150308, 12044.811486, 0
2769.94884987, 2177.32714007, 0
8748.24844302, 10811.0722245, 0
5804.00002228, 7160.58866628, 0
5915.23313668, 2695.23510763, 0
12073.9026966, 7069.66470274, 0
9722.4745157, 10142.8288507, 0
11941.532539, 7249.71445856, 0
6564.247465, 1484.13815217, 0
9593.62018548, 9853.10526097, 0
790.161830559, 6407.77650034, 0
4561.14623245, 2408.4030202, 0
8824.19810762, 3367.39888524, 0
4933.35189703, 12236.79402, 0
5675.01762283, 4798.7515841, 0
7904.50476304, 4744.97619872, 0
1942.73549967, 10626.1288962, 0
12763.8293609, 1951.01301654, 0
12417.173455, 12632.4263791, 0
12083.6116759, 4770.6658997, 0
7576.16650038, 4240.83280794, 0
7658.60334334, 5055.22099847, 0
7589.80867804, 11752.4157793, 0
5972.2198984, 12642.0307953, 0
3635.27855806, 4724.5170089, 0
2913.51121135, 6818.48838628, 0
2515.00014275, 9940.98873972, 0
3711.96435951, 9974.38830205, 0
587.715450946, 7070.50934621, 0
11601.0924309, 4540.14956952, 0
6531.30709401, 5970.34141056, 0
3983.37376685, 6482.15958759, 0
9914.45397347, 6768.31217311, 0
12468.9643011, 2502.99590135, 0
12670.129781, 3161.12997362, 0
3809.07508677, 501.515774786, 0
705.685656114, 12556.8165012, 0
11965.3469359, 5327.85143315, 0
9533.24651304, 1334.68824375, 0
3540.3794787, 10848.7318221, 0
1674.01555022, 9765.63205045, 0
12564.6022747, 5544.13463518, 0
10952.7242005, 2243.65745958, 0
10738.1014309, 9066.73774994, 0
4627.80142466, 7317.05398856, 0
2857.73882925, 1515.94657192, 0
9990.1940598, 1542.43285732, 0
12696.2684378, 10538.7454704, 0
4663.22143166, 12652.4309375, 0
3829.36681311, 11610.1582936, 0
1786.30611589, 7701.64574268, 0
11815.5897122, 4550.79064465, 0
8582.87332673, 1564.02278485, 0
3819.84413719, 4169.66137829, 0
4910.73823993, 2261.63415573, 0
9879.33597694, 9540.12161797, 0
12635.5312402, 578.731969612, 0
11843.1989305, 5072.88391444, 0
12217.0934081, 2186.70499378, 0
5798.42963295, 12060.823397, 0
817.06912177, 7126.20841545, 0
2699.58720974, 5604.37243986, 0
4952.03851952, 7772.19192585, 0
6534.86839944, 3212.68763741, 0
9839.00827033, 405.105370331, 0
3673.47125061, 12202.976625, 0
2889.32364164, 7903.49229676, 0
12349.4513831, 5378.94488093, 0
1677.6824275, 7970.9462949, 0
12149.8155838, 3043.72891022, 0
3811.74095938, 5770.74010948, 0
2763.42127503, 11402.0540382, 0
1775.1806068, 5720.53258667, 0
5974.24597204, 4286.14244299, 0
4584.85400637, 9862.85931653, 0
12639.425564, 95.4951809231, 0
11830.8489978, 627.291608231, 0
1957.98199603, 10330.1126841, 0
2889.81368376, 2621.47793388, 0
9514.36836144, 2231.0602315, 0
2955.3558166, 9974.01402764, 0
9875.51091107, 6048.47390334, 0
12440.5453724, 8383.40289998, 0
